1	0
8	1
8	2
8	3
8	5
8	6
8	7
8	9
8	10
8	11
8	13
8	14
8	15
8	17
8	18
8	19
8	21
8	22
8	23
8	25
8	26
8	27
8	29
8	30
8	31
8	33
8	34
8	35
8	37
8	38
8	39
8	41
8	42
8	43
8	45
8	46
8	47
8	49
8	50
8	51
8	53
8	54
8	55
8	57
8	58
8	59
8	61
8	62
8	63
8	65
8	66
8	67
8	69
8	70
8	71
8	73
8	74
8	75
8	77
8	78
8	79
8	81
8	82
8	83
8	85
8	86
8	87
8	89
8	90
8	91
8	93
8	94
8	95
8	97
8	98
8	99
8	101
8	102
8	103
8	105
8	106
8	107
8	109
8	110
8	111
8	113
8	114
8	115
8	117
8	118
8	119
8	121
8	122
8	123
8	125
8	126
8	127
8	129
8	130
8	131
8	133
8	134
8	135
8	137
8	138
8	139
8	141
8	142
8	143
8	145
8	146
8	147
8	149
8	150
8	151
8	153
8	154
8	155
8	157
8	158
8	159
8	161
8	162
8	163
8	165
8	166
8	167
8	169
8	170
8	171
8	173
8	174
8	175
8	177
8	178
8	179
8	181
8	182
8	183
8	185
8	186
8	187
8	189
8	190
8	191
8	193
8	194
8	195
8	197
8	198
8	199
8	201
8	202
8	203
8	205
8	206
8	207
8	209
8	210
8	211
8	213
8	214
8	215
8	217
8	218
8	219
8	221
8	222
8	223
8	225
8	226
8	227
8	229
8	230
8	231
8	233
8	234
8	235
8	237
8	238
8	239
8	241
8	242
8	243
8	245
8	246
8	247
8	249
8	250
8	251
8	253
8	254
8	255
4	257
8	258
8	259
8	261
8	262
8	263
8	265
8	266
8	267
8	269
8	270
8	271
8	273
8	274
8	275
8	277
8	278
8	279
8	281
8	282
8	283
8	285
8	286
8	287
8	289
8	290
8	291
8	293
8	294
8	295
8	297
8	298
8	299
8	301
8	302
8	303
8	305
8	306
8	307
8	309
8	310
8	311
8	313
8	314
8	315
8	317
8	318
8	319
8	321
8	322
8	323
8	325
8	326
8	327
8	329
8	330
8	331
8	333
8	334
8	335
8	337
8	338
8	339
8	341
8	342
8	343
8	345
8	346
8	347
8	349
8	350
8	351
8	353
8	354
8	355
8	357
8	358
8	359
8	361
8	362
8	363
8	365
8	366
8	367
8	369
8	370
8	371
8	373
8	374
8	375
8	377
8	378
8	379
8	381
8	382
8	383
8	385
8	386
8	387
8	389
8	390
8	391
8	393
8	394
8	395
8	397
8	398
8	399
8	401
8	402
8	403
8	405
8	406
8	407
8	409
8	410
8	411
8	413
8	414
8	415
8	417
8	418
8	419
8	421
8	422
8	423
8	425
8	426
8	427
8	429
8	430
8	431
8	433
8	434
8	435
8	437
8	438
8	439
8	441
8	442
8	443
8	445
8	446
8	447
8	449
8	450
8	451
8	453
8	454
8	455
8	457
8	458
8	459
8	461
8	462
8	463
8	465
8	466
8	467
8	469
8	470
8	471
8	473
8	474
8	475
8	477
8	478
8	479
8	481
8	482
8	483
8	485
8	486
8	487
8	489
8	490
8	491
8	493
8	494
8	495
8	497
8	498
8	499
8	501
8	502
8	503
8	505
8	506
8	507
8	509
8	510
8	511
4	514
8	515
8	517
8	518
8	519
8	521
8	522
8	523
8	525
8	526
8	527
8	529
8	530
8	531
8	533
8	534
8	535
8	537
8	538
8	539
8	541
8	542
8	543
8	545
8	546
8	547
8	549
8	550
8	551
8	553
8	554
8	555
8	557
8	558
8	559
8	561
8	562
8	563
8	565
8	566
8	567
8	569
8	570
8	571
8	573
8	574
8	575
8	577
8	578
8	579
8	581
8	582
8	583
8	585
8	586
8	587
8	589
8	590
8	591
8	593
8	594
8	595
8	597
8	598
8	599
8	601
8	602
8	603
8	605
8	606
8	607
8	609
8	610
8	611
8	613
8	614
8	615
8	617
8	618
8	619
8	621
8	622
8	623
8	625
8	626
8	627
8	629
8	630
8	631
8	633
8	634
8	635
8	637
8	638
8	639
8	641
8	642
8	643
8	645
8	646
8	647
8	649
8	650
8	651
8	653
8	654
8	655
8	657
8	658
8	659
8	661
8	662
8	663
8	665
8	666
8	667
8	669
8	670
8	671
8	673
8	674
8	675
8	677
8	678
8	679
8	681
8	682
8	683
8	685
8	686
8	687
8	689
8	690
8	691
8	693
8	694
8	695
8	697
8	698
8	699
8	701
8	702
8	703
8	705
8	706
8	707
8	709
8	710
8	711
8	713
8	714
8	715
8	717
8	718
8	719
8	721
8	722
8	723
8	725
8	726
8	727
8	729
8	730
8	731
8	733
8	734
8	735
8	737
8	738
8	739
8	741
8	742
8	743
8	745
8	746
8	747
8	749
8	750
8	751
8	753
8	754
8	755
8	757
8	758
8	759
8	761
8	762
8	763
8	765
8	766
8	767
4	771
8	773
8	774
8	775
8	777
8	778
8	779
8	781
8	782
8	783
8	785
8	786
8	787
8	789
8	790
8	791
8	793
8	794
8	795
8	797
8	798
8	799
8	801
8	802
8	803
8	805
8	806
8	807
8	809
8	810
8	811
8	813
8	814
8	815
8	817
8	818
8	819
8	821
8	822
8	823
8	825
8	826
8	827
8	829
8	830
8	831
8	833
8	834
8	835
8	837
8	838
8	839
8	841
8	842
8	843
8	845
8	846
8	847
8	849
8	850
8	851
8	853
8	854
8	855
8	857
8	858
8	859
8	861
8	862
8	863
8	865
8	866
8	867
8	869
8	870
8	871
8	873
8	874
8	875
8	877
8	878
8	879
8	881
8	882
8	883
8	885
8	886
8	887
8	889
8	890
8	891
8	893
8	894
8	895
8	897
8	898
8	899
8	901
8	902
8	903
8	905
8	906
8	907
8	909
8	910
8	911
8	913
8	914
8	915
8	917
8	918
8	919
8	921
8	922
8	923
8	925
8	926
8	927
8	929
8	930
8	931
8	933
8	934
8	935
8	937
8	938
8	939
8	941
8	942
8	943
8	945
8	946
8	947
8	949
8	950
8	951
8	953
8	954
8	955
8	957
8	958
8	959
8	961
8	962
8	963
8	965
8	966
8	967
8	969
8	970
8	971
8	973
8	974
8	975
8	977
8	978
8	979
8	981
8	982
8	983
8	985
8	986
8	987
8	989
8	990
8	991
8	993
8	994
8	995
8	997
8	998
8	999
8	1001
8	1002
8	1003
8	1005
8	1006
8	1007
8	1009
8	1010
8	1011
8	1013
8	1014
8	1015
8	1017
8	1018
8	1019
8	1021
8	1022
8	1023
8	1041
8	1042
8	1043
8	1045
8	1046
8	1047
8	1049
8	1050
8	1051
8	1053
8	1054
8	1055
8	1057
8	1058
8	1059
8	1061
8	1062
8	1063
8	1065
8	1066
8	1067
8	1069
8	1070
8	1071
8	1073
8	1074
8	1075
8	1077
8	1078
8	1079
8	1081
8	1082
8	1083
8	1085
8	1086
8	1087
8	1090
8	1091
8	1093
8	1094
8	1095
8	1097
8	1098
8	1099
8	1101
8	1102
8	1103
8	1105
8	1106
8	1107
8	1109
8	1110
8	1111
8	1113
8	1114
8	1115
8	1117
8	1118
8	1119
8	1121
8	1122
8	1123
8	1125
8	1126
8	1127
8	1129
8	1130
8	1131
8	1133
8	1134
8	1135
8	1137
8	1138
8	1139
8	1141
8	1142
8	1143
8	1145
8	1146
8	1147
8	1149
8	1150
8	1151
8	1154
8	1155
8	1157
8	1158
8	1159
8	1161
8	1162
8	1163
8	1165
8	1166
8	1167
8	1169
8	1170
8	1171
8	1173
8	1174
8	1175
8	1177
8	1178
8	1179
8	1181
8	1182
8	1183
8	1185
8	1186
8	1187
8	1189
8	1190
8	1191
8	1193
8	1194
8	1195
8	1197
8	1198
8	1199
8	1201
8	1202
8	1203
8	1205
8	1206
8	1207
8	1209
8	1210
8	1211
8	1213
8	1214
8	1215
8	1218
8	1219
8	1221
8	1222
8	1223
8	1225
8	1226
8	1227
8	1229
8	1230
8	1231
8	1233
8	1234
8	1235
8	1237
8	1238
8	1239
8	1241
8	1242
8	1243
8	1245
8	1246
8	1247
8	1249
8	1250
8	1251
8	1253
8	1254
8	1255
8	1257
8	1258
8	1259
8	1261
8	1262
8	1263
8	1265
8	1266
8	1267
8	1269
8	1270
8	1271
8	1273
8	1274
8	1275
8	1277
8	1278
8	1279
4	1285
8	1286
8	1287
8	1289
8	1290
8	1291
8	1293
8	1294
8	1295
8	1297
8	1298
8	1299
8	1301
8	1302
8	1303
8	1305
8	1306
8	1307
8	1309
8	1310
8	1311
8	1313
8	1314
8	1315
8	1317
8	1318
8	1319
8	1321
8	1322
8	1323
8	1325
8	1326
8	1327
8	1329
8	1330
8	1331
8	1333
8	1334
8	1335
8	1337
8	1338
8	1339
8	1341
8	1342
8	1343
8	1346
8	1347
8	1349
8	1350
8	1351
8	1353
8	1354
8	1355
8	1357
8	1358
8	1359
8	1361
8	1362
8	1363
8	1365
8	1366
8	1367
8	1369
8	1370
8	1371
8	1373
8	1374
8	1375
8	1377
8	1378
8	1379
8	1381
8	1382
8	1383
8	1385
8	1386
8	1387
8	1389
8	1390
8	1391
8	1393
8	1394
8	1395
8	1397
8	1398
8	1399
8	1401
8	1402
8	1403
8	1405
8	1406
8	1407
8	1410
8	1411
8	1413
8	1414
8	1415
8	1417
8	1418
8	1419
8	1421
8	1422
8	1423
8	1425
8	1426
8	1427
8	1429
8	1430
8	1431
8	1433
8	1434
8	1435
8	1437
8	1438
8	1439
8	1441
8	1442
8	1443
8	1445
8	1446
8	1447
8	1449
8	1450
8	1451
8	1453
8	1454
8	1455
8	1457
8	1458
8	1459
8	1461
8	1462
8	1463
8	1465
8	1466
8	1467
8	1469
8	1470
8	1471
8	1474
8	1475
8	1477
8	1478
8	1479
8	1481
8	1482
8	1483
8	1485
8	1486
8	1487
8	1489
8	1490
8	1491
8	1493
8	1494
8	1495
8	1497
8	1498
8	1499
8	1501
8	1502
8	1503
8	1505
8	1506
8	1507
8	1509
8	1510
8	1511
8	1513
8	1514
8	1515
8	1517
8	1518
8	1519
8	1521
8	1522
8	1523
8	1525
8	1526
8	1527
8	1529
8	1530
8	1531
8	1533
8	1534
8	1535
4	1542
8	1543
8	1545
8	1546
8	1547
8	1549
8	1550
8	1551
8	1553
8	1554
8	1555
8	1557
8	1558
8	1559
8	1561
8	1562
8	1563
8	1565
8	1566
8	1567
8	1569
8	1570
8	1571
8	1573
8	1574
8	1575
8	1577
8	1578
8	1579
8	1581
8	1582
8	1583
8	1585
8	1586
8	1587
8	1589
8	1590
8	1591
8	1593
8	1594
8	1595
8	1597
8	1598
8	1599
8	1602
8	1603
8	1605
8	1606
8	1607
8	1609
8	1610
8	1611
8	1613
8	1614
8	1615
8	1617
8	1618
8	1619
8	1621
8	1622
8	1623
8	1625
8	1626
8	1627
8	1629
8	1630
8	1631
8	1633
8	1634
8	1635
8	1637
8	1638
8	1639
8	1641
8	1642
8	1643
8	1645
8	1646
8	1647
8	1649
8	1650
8	1651
8	1653
8	1654
8	1655
8	1657
8	1658
8	1659
8	1661
8	1662
8	1663
8	1666
8	1667
8	1669
8	1670
8	1671
8	1673
8	1674
8	1675
8	1677
8	1678
8	1679
8	1681
8	1682
8	1683
8	1685
8	1686
8	1687
8	1689
8	1690
8	1691
8	1693
8	1694
8	1695
8	1697
8	1698
8	1699
8	1701
8	1702
8	1703
8	1705
8	1706
8	1707
8	1709
8	1710
8	1711
8	1713
8	1714
8	1715
8	1717
8	1718
8	1719
8	1721
8	1722
8	1723
8	1725
8	1726
8	1727
8	1730
8	1731
8	1733
8	1734
8	1735
8	1737
8	1738
8	1739
8	1741
8	1742
8	1743
8	1745
8	1746
8	1747
8	1749
8	1750
8	1751
8	1753
8	1754
8	1755
8	1757
8	1758
8	1759
8	1761
8	1762
8	1763
8	1765
8	1766
8	1767
8	1769
8	1770
8	1771
8	1773
8	1774
8	1775
8	1777
8	1778
8	1779
8	1781
8	1782
8	1783
8	1785
8	1786
8	1787
8	1789
8	1790
8	1791
4	1799
8	1801
8	1802
8	1803
8	1805
8	1806
8	1807
8	1809
8	1810
8	1811
8	1813
8	1814
8	1815
8	1817
8	1818
8	1819
8	1821
8	1822
8	1823
8	1825
8	1826
8	1827
8	1829
8	1830
8	1831
8	1833
8	1834
8	1835
8	1837
8	1838
8	1839
8	1841
8	1842
8	1843
8	1845
8	1846
8	1847
8	1849
8	1850
8	1851
8	1853
8	1854
8	1855
8	1858
8	1859
8	1861
8	1862
8	1863
8	1865
8	1866
8	1867
8	1869
8	1870
8	1871
8	1873
8	1874
8	1875
8	1877
8	1878
8	1879
8	1881
8	1882
8	1883
8	1885
8	1886
8	1887
8	1889
8	1890
8	1891
8	1893
8	1894
8	1895
8	1897
8	1898
8	1899
8	1901
8	1902
8	1903
8	1905
8	1906
8	1907
8	1909
8	1910
8	1911
8	1913
8	1914
8	1915
8	1917
8	1918
8	1919
8	1922
8	1923
8	1925
8	1926
8	1927
8	1929
8	1930
8	1931
8	1933
8	1934
8	1935
8	1937
8	1938
8	1939
8	1941
8	1942
8	1943
8	1945
8	1946
8	1947
8	1949
8	1950
8	1951
8	1953
8	1954
8	1955
8	1957
8	1958
8	1959
8	1961
8	1962
8	1963
8	1965
8	1966
8	1967
8	1969
8	1970
8	1971
8	1973
8	1974
8	1975
8	1977
8	1978
8	1979
8	1981
8	1982
8	1983
8	1986
8	1987
8	1989
8	1990
8	1991
8	1993
8	1994
8	1995
8	1997
8	1998
8	1999
8	2001
8	2002
8	2003
8	2005
8	2006
8	2007
8	2009
8	2010
8	2011
8	2013
8	2014
8	2015
8	2017
8	2018
8	2019
8	2021
8	2022
8	2023
8	2025
8	2026
8	2027
8	2029
8	2030
8	2031
8	2033
8	2034
8	2035
8	2037
8	2038
8	2039
8	2041
8	2042
8	2043
8	2045
8	2046
8	2047
8	2081
8	2082
8	2083
8	2085
8	2086
8	2087
8	2089
8	2090
8	2091
8	2093
8	2094
8	2095
8	2097
8	2098
8	2099
8	2101
8	2102
8	2103
8	2105
8	2106
8	2107
8	2109
8	2110
8	2111
8	2115
8	2117
8	2118
8	2119
8	2121
8	2122
8	2123
8	2125
8	2126
8	2127
8	2129
8	2130
8	2131
8	2133
8	2134
8	2135
8	2137
8	2138
8	2139
8	2141
8	2142
8	2143
8	2145
8	2146
8	2147
8	2149
8	2150
8	2151
8	2153
8	2154
8	2155
8	2157
8	2158
8	2159
8	2161
8	2162
8	2163
8	2165
8	2166
8	2167
8	2169
8	2170
8	2171
8	2173
8	2174
8	2175
8	2179
8	2181
8	2182
8	2183
8	2185
8	2186
8	2187
8	2189
8	2190
8	2191
8	2193
8	2194
8	2195
8	2197
8	2198
8	2199
8	2201
8	2202
8	2203
8	2205
8	2206
8	2207
8	2209
8	2210
8	2211
8	2213
8	2214
8	2215
8	2217
8	2218
8	2219
8	2221
8	2222
8	2223
8	2225
8	2226
8	2227
8	2229
8	2230
8	2231
8	2233
8	2234
8	2235
8	2237
8	2238
8	2239
8	2243
8	2245
8	2246
8	2247
8	2249
8	2250
8	2251
8	2253
8	2254
8	2255
8	2257
8	2258
8	2259
8	2261
8	2262
8	2263
8	2265
8	2266
8	2267
8	2269
8	2270
8	2271
8	2273
8	2274
8	2275
8	2277
8	2278
8	2279
8	2281
8	2282
8	2283
8	2285
8	2286
8	2287
8	2289
8	2290
8	2291
8	2293
8	2294
8	2295
8	2297
8	2298
8	2299
8	2301
8	2302
8	2303
4	2313
8	2314
8	2315
8	2317
8	2318
8	2319
8	2321
8	2322
8	2323
8	2325
8	2326
8	2327
8	2329
8	2330
8	2331
8	2333
8	2334
8	2335
8	2337
8	2338
8	2339
8	2341
8	2342
8	2343
8	2345
8	2346
8	2347
8	2349
8	2350
8	2351
8	2353
8	2354
8	2355
8	2357
8	2358
8	2359
8	2361
8	2362
8	2363
8	2365
8	2366
8	2367
8	2371
8	2373
8	2374
8	2375
8	2377
8	2378
8	2379
8	2381
8	2382
8	2383
8	2385
8	2386
8	2387
8	2389
8	2390
8	2391
8	2393
8	2394
8	2395
8	2397
8	2398
8	2399
8	2401
8	2402
8	2403
8	2405
8	2406
8	2407
8	2409
8	2410
8	2411
8	2413
8	2414
8	2415
8	2417
8	2418
8	2419
8	2421
8	2422
8	2423
8	2425
8	2426
8	2427
8	2429
8	2430
8	2431
8	2435
8	2437
8	2438
8	2439
8	2441
8	2442
8	2443
8	2445
8	2446
8	2447
8	2449
8	2450
8	2451
8	2453
8	2454
8	2455
8	2457
8	2458
8	2459
8	2461
8	2462
8	2463
8	2465
8	2466
8	2467
8	2469
8	2470
8	2471
8	2473
8	2474
8	2475
8	2477
8	2478
8	2479
8	2481
8	2482
8	2483
8	2485
8	2486
8	2487
8	2489
8	2490
8	2491
8	2493
8	2494
8	2495
8	2499
8	2501
8	2502
8	2503
8	2505
8	2506
8	2507
8	2509
8	2510
8	2511
8	2513
8	2514
8	2515
8	2517
8	2518
8	2519
8	2521
8	2522
8	2523
8	2525
8	2526
8	2527
8	2529
8	2530
8	2531
8	2533
8	2534
8	2535
8	2537
8	2538
8	2539
8	2541
8	2542
8	2543
8	2545
8	2546
8	2547
8	2549
8	2550
8	2551
8	2553
8	2554
8	2555
8	2557
8	2558
8	2559
4	2570
8	2571
8	2573
8	2574
8	2575
8	2577
8	2578
8	2579
8	2581
8	2582
8	2583
8	2585
8	2586
8	2587
8	2589
8	2590
8	2591
8	2593
8	2594
8	2595
8	2597
8	2598
8	2599
8	2601
8	2602
8	2603
8	2605
8	2606
8	2607
8	2609
8	2610
8	2611
8	2613
8	2614
8	2615
8	2617
8	2618
8	2619
8	2621
8	2622
8	2623
8	2627
8	2629
8	2630
8	2631
8	2633
8	2634
8	2635
8	2637
8	2638
8	2639
8	2641
8	2642
8	2643
8	2645
8	2646
8	2647
8	2649
8	2650
8	2651
8	2653
8	2654
8	2655
8	2657
8	2658
8	2659
8	2661
8	2662
8	2663
8	2665
8	2666
8	2667
8	2669
8	2670
8	2671
8	2673
8	2674
8	2675
8	2677
8	2678
8	2679
8	2681
8	2682
8	2683
8	2685
8	2686
8	2687
8	2691
8	2693
8	2694
8	2695
8	2697
8	2698
8	2699
8	2701
8	2702
8	2703
8	2705
8	2706
8	2707
8	2709
8	2710
8	2711
8	2713
8	2714
8	2715
8	2717
8	2718
8	2719
8	2721
8	2722
8	2723
8	2725
8	2726
8	2727
8	2729
8	2730
8	2731
8	2733
8	2734
8	2735
8	2737
8	2738
8	2739
8	2741
8	2742
8	2743
8	2745
8	2746
8	2747
8	2749
8	2750
8	2751
8	2755
8	2757
8	2758
8	2759
8	2761
8	2762
8	2763
8	2765
8	2766
8	2767
8	2769
8	2770
8	2771
8	2773
8	2774
8	2775
8	2777
8	2778
8	2779
8	2781
8	2782
8	2783
8	2785
8	2786
8	2787
8	2789
8	2790
8	2791
8	2793
8	2794
8	2795
8	2797
8	2798
8	2799
8	2801
8	2802
8	2803
8	2805
8	2806
8	2807
8	2809
8	2810
8	2811
8	2813
8	2814
8	2815
4	2827
8	2829
8	2830
8	2831
8	2833
8	2834
8	2835
8	2837
8	2838
8	2839
8	2841
8	2842
8	2843
8	2845
8	2846
8	2847
8	2849
8	2850
8	2851
8	2853
8	2854
8	2855
8	2857
8	2858
8	2859
8	2861
8	2862
8	2863
8	2865
8	2866
8	2867
8	2869
8	2870
8	2871
8	2873
8	2874
8	2875
8	2877
8	2878
8	2879
8	2883
8	2885
8	2886
8	2887
8	2889
8	2890
8	2891
8	2893
8	2894
8	2895
8	2897
8	2898
8	2899
8	2901
8	2902
8	2903
8	2905
8	2906
8	2907
8	2909
8	2910
8	2911
8	2913
8	2914
8	2915
8	2917
8	2918
8	2919
8	2921
8	2922
8	2923
8	2925
8	2926
8	2927
8	2929
8	2930
8	2931
8	2933
8	2934
8	2935
8	2937
8	2938
8	2939
8	2941
8	2942
8	2943
8	2947
8	2949
8	2950
8	2951
8	2953
8	2954
8	2955
8	2957
8	2958
8	2959
8	2961
8	2962
8	2963
8	2965
8	2966
8	2967
8	2969
8	2970
8	2971
8	2973
8	2974
8	2975
8	2977
8	2978
8	2979
8	2981
8	2982
8	2983
8	2985
8	2986
8	2987
8	2989
8	2990
8	2991
8	2993
8	2994
8	2995
8	2997
8	2998
8	2999
8	3001
8	3002
8	3003
8	3005
8	3006
8	3007
8	3011
8	3013
8	3014
8	3015
8	3017
8	3018
8	3019
8	3021
8	3022
8	3023
8	3025
8	3026
8	3027
8	3029
8	3030
8	3031
8	3033
8	3034
8	3035
8	3037
8	3038
8	3039
8	3041
8	3042
8	3043
8	3045
8	3046
8	3047
8	3049
8	3050
8	3051
8	3053
8	3054
8	3055
8	3057
8	3058
8	3059
8	3061
8	3062
8	3063
8	3065
8	3066
8	3067
8	3069
8	3070
8	3071
8	3121
8	3122
8	3123
8	3125
8	3126
8	3127
8	3129
8	3130
8	3131
8	3133
8	3134
8	3135
8	3141
8	3142
8	3143
8	3145
8	3146
8	3147
8	3149
8	3150
8	3151
8	3153
8	3154
8	3155
8	3157
8	3158
8	3159
8	3161
8	3162
8	3163
8	3165
8	3166
8	3167
8	3169
8	3170
8	3171
8	3173
8	3174
8	3175
8	3177
8	3178
8	3179
8	3181
8	3182
8	3183
8	3185
8	3186
8	3187
8	3189
8	3190
8	3191
8	3193
8	3194
8	3195
8	3197
8	3198
8	3199
8	3205
8	3206
8	3207
8	3209
8	3210
8	3211
8	3213
8	3214
8	3215
8	3217
8	3218
8	3219
8	3221
8	3222
8	3223
8	3225
8	3226
8	3227
8	3229
8	3230
8	3231
8	3233
8	3234
8	3235
8	3237
8	3238
8	3239
8	3241
8	3242
8	3243
8	3245
8	3246
8	3247
8	3249
8	3250
8	3251
8	3253
8	3254
8	3255
8	3257
8	3258
8	3259
8	3261
8	3262
8	3263
8	3269
8	3270
8	3271
8	3273
8	3274
8	3275
8	3277
8	3278
8	3279
8	3281
8	3282
8	3283
8	3285
8	3286
8	3287
8	3289
8	3290
8	3291
8	3293
8	3294
8	3295
8	3297
8	3298
8	3299
8	3301
8	3302
8	3303
8	3305
8	3306
8	3307
8	3309
8	3310
8	3311
8	3313
8	3314
8	3315
8	3317
8	3318
8	3319
8	3321
8	3322
8	3323
8	3325
8	3326
8	3327
4	3341
8	3342
8	3343
8	3345
8	3346
8	3347
8	3349
8	3350
8	3351
8	3353
8	3354
8	3355
8	3357
8	3358
8	3359
8	3361
8	3362
8	3363
8	3365
8	3366
8	3367
8	3369
8	3370
8	3371
8	3373
8	3374
8	3375
8	3377
8	3378
8	3379
8	3381
8	3382
8	3383
8	3385
8	3386
8	3387
8	3389
8	3390
8	3391
8	3397
8	3398
8	3399
8	3401
8	3402
8	3403
8	3405
8	3406
8	3407
8	3409
8	3410
8	3411
8	3413
8	3414
8	3415
8	3417
8	3418
8	3419
8	3421
8	3422
8	3423
8	3425
8	3426
8	3427
8	3429
8	3430
8	3431
8	3433
8	3434
8	3435
8	3437
8	3438
8	3439
8	3441
8	3442
8	3443
8	3445
8	3446
8	3447
8	3449
8	3450
8	3451
8	3453
8	3454
8	3455
8	3461
8	3462
8	3463
8	3465
8	3466
8	3467
8	3469
8	3470
8	3471
8	3473
8	3474
8	3475
8	3477
8	3478
8	3479
8	3481
8	3482
8	3483
8	3485
8	3486
8	3487
8	3489
8	3490
8	3491
8	3493
8	3494
8	3495
8	3497
8	3498
8	3499
8	3501
8	3502
8	3503
8	3505
8	3506
8	3507
8	3509
8	3510
8	3511
8	3513
8	3514
8	3515
8	3517
8	3518
8	3519
8	3525
8	3526
8	3527
8	3529
8	3530
8	3531
8	3533
8	3534
8	3535
8	3537
8	3538
8	3539
8	3541
8	3542
8	3543
8	3545
8	3546
8	3547
8	3549
8	3550
8	3551
8	3553
8	3554
8	3555
8	3557
8	3558
8	3559
8	3561
8	3562
8	3563
8	3565
8	3566
8	3567
8	3569
8	3570
8	3571
8	3573
8	3574
8	3575
8	3577
8	3578
8	3579
8	3581
8	3582
8	3583
4	3598
8	3599
8	3601
8	3602
8	3603
8	3605
8	3606
8	3607
8	3609
8	3610
8	3611
8	3613
8	3614
8	3615
8	3617
8	3618
8	3619
8	3621
8	3622
8	3623
8	3625
8	3626
8	3627
8	3629
8	3630
8	3631
8	3633
8	3634
8	3635
8	3637
8	3638
8	3639
8	3641
8	3642
8	3643
8	3645
8	3646
8	3647
8	3653
8	3654
8	3655
8	3657
8	3658
8	3659
8	3661
8	3662
8	3663
8	3665
8	3666
8	3667
8	3669
8	3670
8	3671
8	3673
8	3674
8	3675
8	3677
8	3678
8	3679
8	3681
8	3682
8	3683
8	3685
8	3686
8	3687
8	3689
8	3690
8	3691
8	3693
8	3694
8	3695
8	3697
8	3698
8	3699
8	3701
8	3702
8	3703
8	3705
8	3706
8	3707
8	3709
8	3710
8	3711
8	3717
8	3718
8	3719
8	3721
8	3722
8	3723
8	3725
8	3726
8	3727
8	3729
8	3730
8	3731
8	3733
8	3734
8	3735
8	3737
8	3738
8	3739
8	3741
8	3742
8	3743
8	3745
8	3746
8	3747
8	3749
8	3750
8	3751
8	3753
8	3754
8	3755
8	3757
8	3758
8	3759
8	3761
8	3762
8	3763
8	3765
8	3766
8	3767
8	3769
8	3770
8	3771
8	3773
8	3774
8	3775
8	3781
8	3782
8	3783
8	3785
8	3786
8	3787
8	3789
8	3790
8	3791
8	3793
8	3794
8	3795
8	3797
8	3798
8	3799
8	3801
8	3802
8	3803
8	3805
8	3806
8	3807
8	3809
8	3810
8	3811
8	3813
8	3814
8	3815
8	3817
8	3818
8	3819
8	3821
8	3822
8	3823
8	3825
8	3826
8	3827
8	3829
8	3830
8	3831
8	3833
8	3834
8	3835
8	3837
8	3838
8	3839
4	3855
8	3857
8	3858
8	3859
8	3861
8	3862
8	3863
8	3865
8	3866
8	3867
8	3869
8	3870
8	3871
8	3873
8	3874
8	3875
8	3877
8	3878
8	3879
8	3881
8	3882
8	3883
8	3885
8	3886
8	3887
8	3889
8	3890
8	3891
8	3893
8	3894
8	3895
8	3897
8	3898
8	3899
8	3901
8	3902
8	3903
8	3909
8	3910
8	3911
8	3913
8	3914
8	3915
8	3917
8	3918
8	3919
8	3921
8	3922
8	3923
8	3925
8	3926
8	3927
8	3929
8	3930
8	3931
8	3933
8	3934
8	3935
8	3937
8	3938
8	3939
8	3941
8	3942
8	3943
8	3945
8	3946
8	3947
8	3949
8	3950
8	3951
8	3953
8	3954
8	3955
8	3957
8	3958
8	3959
8	3961
8	3962
8	3963
8	3965
8	3966
8	3967
8	3973
8	3974
8	3975
8	3977
8	3978
8	3979
8	3981
8	3982
8	3983
8	3985
8	3986
8	3987
8	3989
8	3990
8	3991
8	3993
8	3994
8	3995
8	3997
8	3998
8	3999
8	4001
8	4002
8	4003
8	4005
8	4006
8	4007
8	4009
8	4010
8	4011
8	4013
8	4014
8	4015
8	4017
8	4018
8	4019
8	4021
8	4022
8	4023
8	4025
8	4026
8	4027
8	4029
8	4030
8	4031
8	4037
8	4038
8	4039
8	4041
8	4042
8	4043
8	4045
8	4046
8	4047
8	4049
8	4050
8	4051
8	4053
8	4054
8	4055
8	4057
8	4058
8	4059
8	4061
8	4062
8	4063
8	4065
8	4066
8	4067
8	4069
8	4070
8	4071
8	4073
8	4074
8	4075
8	4077
8	4078
8	4079
8	4081
8	4082
8	4083
8	4085
8	4086
8	4087
8	4089
8	4090
8	4091
8	4093
8	4094
8	4095
2	4369
8	4370
8	4371
8	4373
8	4374
8	4375
8	4377
8	4378
8	4379
8	4381
8	4382
8	4383
8	4386
8	4387
8	4389
8	4390
8	4391
8	4393
8	4394
8	4395
8	4397
8	4398
8	4399
8	4402
8	4403
8	4405
8	4406
8	4407
8	4409
8	4410
8	4411
8	4413
8	4414
8	4415
8	4421
8	4422
8	4423
8	4425
8	4426
8	4427
8	4429
8	4430
8	4431
8	4434
8	4435
8	4437
8	4438
8	4439
8	4441
8	4442
8	4443
8	4445
8	4446
8	4447
8	4450
8	4451
8	4453
8	4454
8	4455
8	4457
8	4458
8	4459
8	4461
8	4462
8	4463
8	4466
8	4467
8	4469
8	4470
8	4471
8	4473
8	4474
8	4475
8	4477
8	4478
8	4479
8	4485
8	4486
8	4487
8	4489
8	4490
8	4491
8	4493
8	4494
8	4495
8	4498
8	4499
8	4501
8	4502
8	4503
8	4505
8	4506
8	4507
8	4509
8	4510
8	4511
8	4514
8	4515
8	4517
8	4518
8	4519
8	4521
8	4522
8	4523
8	4525
8	4526
8	4527
8	4530
8	4531
8	4533
8	4534
8	4535
8	4537
8	4538
8	4539
8	4541
8	4542
8	4543
8	4549
8	4550
8	4551
8	4553
8	4554
8	4555
8	4557
8	4558
8	4559
8	4562
8	4563
8	4565
8	4566
8	4567
8	4569
8	4570
8	4571
8	4573
8	4574
8	4575
8	4578
8	4579
8	4581
8	4582
8	4583
8	4585
8	4586
8	4587
8	4589
8	4590
8	4591
8	4594
8	4595
8	4597
8	4598
8	4599
8	4601
8	4602
8	4603
8	4605
8	4606
8	4607
4	4626
8	4627
8	4629
8	4630
8	4631
8	4633
8	4634
8	4635
8	4637
8	4638
8	4639
8	4642
8	4643
8	4645
8	4646
8	4647
8	4649
8	4650
8	4651
8	4653
8	4654
8	4655
8	4658
8	4659
8	4661
8	4662
8	4663
8	4665
8	4666
8	4667
8	4669
8	4670
8	4671
8	4677
8	4678
8	4679
8	4681
8	4682
8	4683
8	4685
8	4686
8	4687
8	4690
8	4691
8	4693
8	4694
8	4695
8	4697
8	4698
8	4699
8	4701
8	4702
8	4703
8	4706
8	4707
8	4709
8	4710
8	4711
8	4713
8	4714
8	4715
8	4717
8	4718
8	4719
8	4722
8	4723
8	4725
8	4726
8	4727
8	4729
8	4730
8	4731
8	4733
8	4734
8	4735
8	4741
8	4742
8	4743
8	4745
8	4746
8	4747
8	4749
8	4750
8	4751
8	4754
8	4755
8	4757
8	4758
8	4759
8	4761
8	4762
8	4763
8	4765
8	4766
8	4767
8	4770
8	4771
8	4773
8	4774
8	4775
8	4777
8	4778
8	4779
8	4781
8	4782
8	4783
8	4786
8	4787
8	4789
8	4790
8	4791
8	4793
8	4794
8	4795
8	4797
8	4798
8	4799
8	4805
8	4806
8	4807
8	4809
8	4810
8	4811
8	4813
8	4814
8	4815
8	4818
8	4819
8	4821
8	4822
8	4823
8	4825
8	4826
8	4827
8	4829
8	4830
8	4831
8	4834
8	4835
8	4837
8	4838
8	4839
8	4841
8	4842
8	4843
8	4845
8	4846
8	4847
8	4850
8	4851
8	4853
8	4854
8	4855
8	4857
8	4858
8	4859
8	4861
8	4862
8	4863
4	4883
8	4885
8	4886
8	4887
8	4889
8	4890
8	4891
8	4893
8	4894
8	4895
8	4898
8	4899
8	4901
8	4902
8	4903
8	4905
8	4906
8	4907
8	4909
8	4910
8	4911
8	4914
8	4915
8	4917
8	4918
8	4919
8	4921
8	4922
8	4923
8	4925
8	4926
8	4927
8	4933
8	4934
8	4935
8	4937
8	4938
8	4939
8	4941
8	4942
8	4943
8	4946
8	4947
8	4949
8	4950
8	4951
8	4953
8	4954
8	4955
8	4957
8	4958
8	4959
8	4962
8	4963
8	4965
8	4966
8	4967
8	4969
8	4970
8	4971
8	4973
8	4974
8	4975
8	4978
8	4979
8	4981
8	4982
8	4983
8	4985
8	4986
8	4987
8	4989
8	4990
8	4991
8	4997
8	4998
8	4999
8	5001
8	5002
8	5003
8	5005
8	5006
8	5007
8	5010
8	5011
8	5013
8	5014
8	5015
8	5017
8	5018
8	5019
8	5021
8	5022
8	5023
8	5026
8	5027
8	5029
8	5030
8	5031
8	5033
8	5034
8	5035
8	5037
8	5038
8	5039
8	5042
8	5043
8	5045
8	5046
8	5047
8	5049
8	5050
8	5051
8	5053
8	5054
8	5055
8	5061
8	5062
8	5063
8	5065
8	5066
8	5067
8	5069
8	5070
8	5071
8	5074
8	5075
8	5077
8	5078
8	5079
8	5081
8	5082
8	5083
8	5085
8	5086
8	5087
8	5090
8	5091
8	5093
8	5094
8	5095
8	5097
8	5098
8	5099
8	5101
8	5102
8	5103
8	5106
8	5107
8	5109
8	5110
8	5111
8	5113
8	5114
8	5115
8	5117
8	5118
8	5119
8	5202
8	5203
8	5205
8	5206
8	5207
8	5209
8	5210
8	5211
8	5213
8	5214
8	5215
8	5218
8	5219
8	5221
8	5222
8	5223
8	5225
8	5226
8	5227
8	5229
8	5230
8	5231
8	5234
8	5235
8	5237
8	5238
8	5239
8	5241
8	5242
8	5243
8	5245
8	5246
8	5247
8	5254
8	5255
8	5257
8	5258
8	5259
8	5261
8	5262
8	5263
8	5266
8	5267
8	5269
8	5270
8	5271
8	5273
8	5274
8	5275
8	5277
8	5278
8	5279
8	5282
8	5283
8	5285
8	5286
8	5287
8	5289
8	5290
8	5291
8	5293
8	5294
8	5295
8	5298
8	5299
8	5301
8	5302
8	5303
8	5305
8	5306
8	5307
8	5309
8	5310
8	5311
8	5318
8	5319
8	5321
8	5322
8	5323
8	5325
8	5326
8	5327
8	5330
8	5331
8	5333
8	5334
8	5335
8	5337
8	5338
8	5339
8	5341
8	5342
8	5343
8	5346
8	5347
8	5349
8	5350
8	5351
8	5353
8	5354
8	5355
8	5357
8	5358
8	5359
8	5362
8	5363
8	5365
8	5366
8	5367
8	5369
8	5370
8	5371
8	5373
8	5374
8	5375
4	5397
8	5398
8	5399
8	5401
8	5402
8	5403
8	5405
8	5406
8	5407
8	5410
8	5411
8	5413
8	5414
8	5415
8	5417
8	5418
8	5419
8	5421
8	5422
8	5423
8	5426
8	5427
8	5429
8	5430
8	5431
8	5433
8	5434
8	5435
8	5437
8	5438
8	5439
8	5446
8	5447
8	5449
8	5450
8	5451
8	5453
8	5454
8	5455
8	5458
8	5459
8	5461
8	5462
8	5463
8	5465
8	5466
8	5467
8	5469
8	5470
8	5471
8	5474
8	5475
8	5477
8	5478
8	5479
8	5481
8	5482
8	5483
8	5485
8	5486
8	5487
8	5490
8	5491
8	5493
8	5494
8	5495
8	5497
8	5498
8	5499
8	5501
8	5502
8	5503
8	5510
8	5511
8	5513
8	5514
8	5515
8	5517
8	5518
8	5519
8	5522
8	5523
8	5525
8	5526
8	5527
8	5529
8	5530
8	5531
8	5533
8	5534
8	5535
8	5538
8	5539
8	5541
8	5542
8	5543
8	5545
8	5546
8	5547
8	5549
8	5550
8	5551
8	5554
8	5555
8	5557
8	5558
8	5559
8	5561
8	5562
8	5563
8	5565
8	5566
8	5567
8	5574
8	5575
8	5577
8	5578
8	5579
8	5581
8	5582
8	5583
8	5586
8	5587
8	5589
8	5590
8	5591
8	5593
8	5594
8	5595
8	5597
8	5598
8	5599
8	5602
8	5603
8	5605
8	5606
8	5607
8	5609
8	5610
8	5611
8	5613
8	5614
8	5615
8	5618
8	5619
8	5621
8	5622
8	5623
8	5625
8	5626
8	5627
8	5629
8	5630
8	5631
4	5654
8	5655
8	5657
8	5658
8	5659
8	5661
8	5662
8	5663
8	5666
8	5667
8	5669
8	5670
8	5671
8	5673
8	5674
8	5675
8	5677
8	5678
8	5679
8	5682
8	5683
8	5685
8	5686
8	5687
8	5689
8	5690
8	5691
8	5693
8	5694
8	5695
8	5702
8	5703
8	5705
8	5706
8	5707
8	5709
8	5710
8	5711
8	5714
8	5715
8	5717
8	5718
8	5719
8	5721
8	5722
8	5723
8	5725
8	5726
8	5727
8	5730
8	5731
8	5733
8	5734
8	5735
8	5737
8	5738
8	5739
8	5741
8	5742
8	5743
8	5746
8	5747
8	5749
8	5750
8	5751
8	5753
8	5754
8	5755
8	5757
8	5758
8	5759
8	5766
8	5767
8	5769
8	5770
8	5771
8	5773
8	5774
8	5775
8	5778
8	5779
8	5781
8	5782
8	5783
8	5785
8	5786
8	5787
8	5789
8	5790
8	5791
8	5794
8	5795
8	5797
8	5798
8	5799
8	5801
8	5802
8	5803
8	5805
8	5806
8	5807
8	5810
8	5811
8	5813
8	5814
8	5815
8	5817
8	5818
8	5819
8	5821
8	5822
8	5823
8	5830
8	5831
8	5833
8	5834
8	5835
8	5837
8	5838
8	5839
8	5842
8	5843
8	5845
8	5846
8	5847
8	5849
8	5850
8	5851
8	5853
8	5854
8	5855
8	5858
8	5859
8	5861
8	5862
8	5863
8	5865
8	5866
8	5867
8	5869
8	5870
8	5871
8	5874
8	5875
8	5877
8	5878
8	5879
8	5881
8	5882
8	5883
8	5885
8	5886
8	5887
4	5911
8	5913
8	5914
8	5915
8	5917
8	5918
8	5919
8	5922
8	5923
8	5925
8	5926
8	5927
8	5929
8	5930
8	5931
8	5933
8	5934
8	5935
8	5938
8	5939
8	5941
8	5942
8	5943
8	5945
8	5946
8	5947
8	5949
8	5950
8	5951
8	5958
8	5959
8	5961
8	5962
8	5963
8	5965
8	5966
8	5967
8	5970
8	5971
8	5973
8	5974
8	5975
8	5977
8	5978
8	5979
8	5981
8	5982
8	5983
8	5986
8	5987
8	5989
8	5990
8	5991
8	5993
8	5994
8	5995
8	5997
8	5998
8	5999
8	6002
8	6003
8	6005
8	6006
8	6007
8	6009
8	6010
8	6011
8	6013
8	6014
8	6015
8	6022
8	6023
8	6025
8	6026
8	6027
8	6029
8	6030
8	6031
8	6034
8	6035
8	6037
8	6038
8	6039
8	6041
8	6042
8	6043
8	6045
8	6046
8	6047
8	6050
8	6051
8	6053
8	6054
8	6055
8	6057
8	6058
8	6059
8	6061
8	6062
8	6063
8	6066
8	6067
8	6069
8	6070
8	6071
8	6073
8	6074
8	6075
8	6077
8	6078
8	6079
8	6086
8	6087
8	6089
8	6090
8	6091
8	6093
8	6094
8	6095
8	6098
8	6099
8	6101
8	6102
8	6103
8	6105
8	6106
8	6107
8	6109
8	6110
8	6111
8	6114
8	6115
8	6117
8	6118
8	6119
8	6121
8	6122
8	6123
8	6125
8	6126
8	6127
8	6130
8	6131
8	6133
8	6134
8	6135
8	6137
8	6138
8	6139
8	6141
8	6142
8	6143
8	6242
8	6243
8	6245
8	6246
8	6247
8	6249
8	6250
8	6251
8	6253
8	6254
8	6255
8	6258
8	6259
8	6261
8	6262
8	6263
8	6265
8	6266
8	6267
8	6269
8	6270
8	6271
8	6279
8	6281
8	6282
8	6283
8	6285
8	6286
8	6287
8	6290
8	6291
8	6293
8	6294
8	6295
8	6297
8	6298
8	6299
8	6301
8	6302
8	6303
8	6306
8	6307
8	6309
8	6310
8	6311
8	6313
8	6314
8	6315
8	6317
8	6318
8	6319
8	6322
8	6323
8	6325
8	6326
8	6327
8	6329
8	6330
8	6331
8	6333
8	6334
8	6335
8	6343
8	6345
8	6346
8	6347
8	6349
8	6350
8	6351
8	6354
8	6355
8	6357
8	6358
8	6359
8	6361
8	6362
8	6363
8	6365
8	6366
8	6367
8	6370
8	6371
8	6373
8	6374
8	6375
8	6377
8	6378
8	6379
8	6381
8	6382
8	6383
8	6386
8	6387
8	6389
8	6390
8	6391
8	6393
8	6394
8	6395
8	6397
8	6398
8	6399
4	6425
8	6426
8	6427
8	6429
8	6430
8	6431
8	6434
8	6435
8	6437
8	6438
8	6439
8	6441
8	6442
8	6443
8	6445
8	6446
8	6447
8	6450
8	6451
8	6453
8	6454
8	6455
8	6457
8	6458
8	6459
8	6461
8	6462
8	6463
8	6471
8	6473
8	6474
8	6475
8	6477
8	6478
8	6479
8	6482
8	6483
8	6485
8	6486
8	6487
8	6489
8	6490
8	6491
8	6493
8	6494
8	6495
8	6498
8	6499
8	6501
8	6502
8	6503
8	6505
8	6506
8	6507
8	6509
8	6510
8	6511
8	6514
8	6515
8	6517
8	6518
8	6519
8	6521
8	6522
8	6523
8	6525
8	6526
8	6527
8	6535
8	6537
8	6538
8	6539
8	6541
8	6542
8	6543
8	6546
8	6547
8	6549
8	6550
8	6551
8	6553
8	6554
8	6555
8	6557
8	6558
8	6559
8	6562
8	6563
8	6565
8	6566
8	6567
8	6569
8	6570
8	6571
8	6573
8	6574
8	6575
8	6578
8	6579
8	6581
8	6582
8	6583
8	6585
8	6586
8	6587
8	6589
8	6590
8	6591
8	6599
8	6601
8	6602
8	6603
8	6605
8	6606
8	6607
8	6610
8	6611
8	6613
8	6614
8	6615
8	6617
8	6618
8	6619
8	6621
8	6622
8	6623
8	6626
8	6627
8	6629
8	6630
8	6631
8	6633
8	6634
8	6635
8	6637
8	6638
8	6639
8	6642
8	6643
8	6645
8	6646
8	6647
8	6649
8	6650
8	6651
8	6653
8	6654
8	6655
4	6682
8	6683
8	6685
8	6686
8	6687
8	6690
8	6691
8	6693
8	6694
8	6695
8	6697
8	6698
8	6699
8	6701
8	6702
8	6703
8	6706
8	6707
8	6709
8	6710
8	6711
8	6713
8	6714
8	6715
8	6717
8	6718
8	6719
8	6727
8	6729
8	6730
8	6731
8	6733
8	6734
8	6735
8	6738
8	6739
8	6741
8	6742
8	6743
8	6745
8	6746
8	6747
8	6749
8	6750
8	6751
8	6754
8	6755
8	6757
8	6758
8	6759
8	6761
8	6762
8	6763
8	6765
8	6766
8	6767
8	6770
8	6771
8	6773
8	6774
8	6775
8	6777
8	6778
8	6779
8	6781
8	6782
8	6783
8	6791
8	6793
8	6794
8	6795
8	6797
8	6798
8	6799
8	6802
8	6803
8	6805
8	6806
8	6807
8	6809
8	6810
8	6811
8	6813
8	6814
8	6815
8	6818
8	6819
8	6821
8	6822
8	6823
8	6825
8	6826
8	6827
8	6829
8	6830
8	6831
8	6834
8	6835
8	6837
8	6838
8	6839
8	6841
8	6842
8	6843
8	6845
8	6846
8	6847
8	6855
8	6857
8	6858
8	6859
8	6861
8	6862
8	6863
8	6866
8	6867
8	6869
8	6870
8	6871
8	6873
8	6874
8	6875
8	6877
8	6878
8	6879
8	6882
8	6883
8	6885
8	6886
8	6887
8	6889
8	6890
8	6891
8	6893
8	6894
8	6895
8	6898
8	6899
8	6901
8	6902
8	6903
8	6905
8	6906
8	6907
8	6909
8	6910
8	6911
4	6939
8	6941
8	6942
8	6943
8	6946
8	6947
8	6949
8	6950
8	6951
8	6953
8	6954
8	6955
8	6957
8	6958
8	6959
8	6962
8	6963
8	6965
8	6966
8	6967
8	6969
8	6970
8	6971
8	6973
8	6974
8	6975
8	6983
8	6985
8	6986
8	6987
8	6989
8	6990
8	6991
8	6994
8	6995
8	6997
8	6998
8	6999
8	7001
8	7002
8	7003
8	7005
8	7006
8	7007
8	7010
8	7011
8	7013
8	7014
8	7015
8	7017
8	7018
8	7019
8	7021
8	7022
8	7023
8	7026
8	7027
8	7029
8	7030
8	7031
8	7033
8	7034
8	7035
8	7037
8	7038
8	7039
8	7047
8	7049
8	7050
8	7051
8	7053
8	7054
8	7055
8	7058
8	7059
8	7061
8	7062
8	7063
8	7065
8	7066
8	7067
8	7069
8	7070
8	7071
8	7074
8	7075
8	7077
8	7078
8	7079
8	7081
8	7082
8	7083
8	7085
8	7086
8	7087
8	7090
8	7091
8	7093
8	7094
8	7095
8	7097
8	7098
8	7099
8	7101
8	7102
8	7103
8	7111
8	7113
8	7114
8	7115
8	7117
8	7118
8	7119
8	7122
8	7123
8	7125
8	7126
8	7127
8	7129
8	7130
8	7131
8	7133
8	7134
8	7135
8	7138
8	7139
8	7141
8	7142
8	7143
8	7145
8	7146
8	7147
8	7149
8	7150
8	7151
8	7154
8	7155
8	7157
8	7158
8	7159
8	7161
8	7162
8	7163
8	7165
8	7166
8	7167
8	7282
8	7283
8	7285
8	7286
8	7287
8	7289
8	7290
8	7291
8	7293
8	7294
8	7295
8	7305
8	7306
8	7307
8	7309
8	7310
8	7311
8	7314
8	7315
8	7317
8	7318
8	7319
8	7321
8	7322
8	7323
8	7325
8	7326
8	7327
8	7330
8	7331
8	7333
8	7334
8	7335
8	7337
8	7338
8	7339
8	7341
8	7342
8	7343
8	7346
8	7347
8	7349
8	7350
8	7351
8	7353
8	7354
8	7355
8	7357
8	7358
8	7359
8	7369
8	7370
8	7371
8	7373
8	7374
8	7375
8	7378
8	7379
8	7381
8	7382
8	7383
8	7385
8	7386
8	7387
8	7389
8	7390
8	7391
8	7394
8	7395
8	7397
8	7398
8	7399
8	7401
8	7402
8	7403
8	7405
8	7406
8	7407
8	7410
8	7411
8	7413
8	7414
8	7415
8	7417
8	7418
8	7419
8	7421
8	7422
8	7423
4	7453
8	7454
8	7455
8	7458
8	7459
8	7461
8	7462
8	7463
8	7465
8	7466
8	7467
8	7469
8	7470
8	7471
8	7474
8	7475
8	7477
8	7478
8	7479
8	7481
8	7482
8	7483
8	7485
8	7486
8	7487
8	7497
8	7498
8	7499
8	7501
8	7502
8	7503
8	7506
8	7507
8	7509
8	7510
8	7511
8	7513
8	7514
8	7515
8	7517
8	7518
8	7519
8	7522
8	7523
8	7525
8	7526
8	7527
8	7529
8	7530
8	7531
8	7533
8	7534
8	7535
8	7538
8	7539
8	7541
8	7542
8	7543
8	7545
8	7546
8	7547
8	7549
8	7550
8	7551
8	7561
8	7562
8	7563
8	7565
8	7566
8	7567
8	7570
8	7571
8	7573
8	7574
8	7575
8	7577
8	7578
8	7579
8	7581
8	7582
8	7583
8	7586
8	7587
8	7589
8	7590
8	7591
8	7593
8	7594
8	7595
8	7597
8	7598
8	7599
8	7602
8	7603
8	7605
8	7606
8	7607
8	7609
8	7610
8	7611
8	7613
8	7614
8	7615
8	7625
8	7626
8	7627
8	7629
8	7630
8	7631
8	7634
8	7635
8	7637
8	7638
8	7639
8	7641
8	7642
8	7643
8	7645
8	7646
8	7647
8	7650
8	7651
8	7653
8	7654
8	7655
8	7657
8	7658
8	7659
8	7661
8	7662
8	7663
8	7666
8	7667
8	7669
8	7670
8	7671
8	7673
8	7674
8	7675
8	7677
8	7678
8	7679
4	7710
8	7711
8	7714
8	7715
8	7717
8	7718
8	7719
8	7721
8	7722
8	7723
8	7725
8	7726
8	7727
8	7730
8	7731
8	7733
8	7734
8	7735
8	7737
8	7738
8	7739
8	7741
8	7742
8	7743
8	7753
8	7754
8	7755
8	7757
8	7758
8	7759
8	7762
8	7763
8	7765
8	7766
8	7767
8	7769
8	7770
8	7771
8	7773
8	7774
8	7775
8	7778
8	7779
8	7781
8	7782
8	7783
8	7785
8	7786
8	7787
8	7789
8	7790
8	7791
8	7794
8	7795
8	7797
8	7798
8	7799
8	7801
8	7802
8	7803
8	7805
8	7806
8	7807
8	7817
8	7818
8	7819
8	7821
8	7822
8	7823
8	7826
8	7827
8	7829
8	7830
8	7831
8	7833
8	7834
8	7835
8	7837
8	7838
8	7839
8	7842
8	7843
8	7845
8	7846
8	7847
8	7849
8	7850
8	7851
8	7853
8	7854
8	7855
8	7858
8	7859
8	7861
8	7862
8	7863
8	7865
8	7866
8	7867
8	7869
8	7870
8	7871
8	7881
8	7882
8	7883
8	7885
8	7886
8	7887
8	7890
8	7891
8	7893
8	7894
8	7895
8	7897
8	7898
8	7899
8	7901
8	7902
8	7903
8	7906
8	7907
8	7909
8	7910
8	7911
8	7913
8	7914
8	7915
8	7917
8	7918
8	7919
8	7922
8	7923
8	7925
8	7926
8	7927
8	7929
8	7930
8	7931
8	7933
8	7934
8	7935
4	7967
8	7970
8	7971
8	7973
8	7974
8	7975
8	7977
8	7978
8	7979
8	7981
8	7982
8	7983
8	7986
8	7987
8	7989
8	7990
8	7991
8	7993
8	7994
8	7995
8	7997
8	7998
8	7999
8	8009
8	8010
8	8011
8	8013
8	8014
8	8015
8	8018
8	8019
8	8021
8	8022
8	8023
8	8025
8	8026
8	8027
8	8029
8	8030
8	8031
8	8034
8	8035
8	8037
8	8038
8	8039
8	8041
8	8042
8	8043
8	8045
8	8046
8	8047
8	8050
8	8051
8	8053
8	8054
8	8055
8	8057
8	8058
8	8059
8	8061
8	8062
8	8063
8	8073
8	8074
8	8075
8	8077
8	8078
8	8079
8	8082
8	8083
8	8085
8	8086
8	8087
8	8089
8	8090
8	8091
8	8093
8	8094
8	8095
8	8098
8	8099
8	8101
8	8102
8	8103
8	8105
8	8106
8	8107
8	8109
8	8110
8	8111
8	8114
8	8115
8	8117
8	8118
8	8119
8	8121
8	8122
8	8123
8	8125
8	8126
8	8127
8	8137
8	8138
8	8139
8	8141
8	8142
8	8143
8	8146
8	8147
8	8149
8	8150
8	8151
8	8153
8	8154
8	8155
8	8157
8	8158
8	8159
8	8162
8	8163
8	8165
8	8166
8	8167
8	8169
8	8170
8	8171
8	8173
8	8174
8	8175
8	8178
8	8179
8	8181
8	8182
8	8183
8	8185
8	8186
8	8187
8	8189
8	8190
8	8191
2	8738
8	8739
8	8741
8	8742
8	8743
8	8745
8	8746
8	8747
8	8749
8	8750
8	8751
8	8755
8	8757
8	8758
8	8759
8	8761
8	8762
8	8763
8	8765
8	8766
8	8767
8	8777
8	8778
8	8779
8	8781
8	8782
8	8783
8	8787
8	8789
8	8790
8	8791
8	8793
8	8794
8	8795
8	8797
8	8798
8	8799
8	8803
8	8805
8	8806
8	8807
8	8809
8	8810
8	8811
8	8813
8	8814
8	8815
8	8819
8	8821
8	8822
8	8823
8	8825
8	8826
8	8827
8	8829
8	8830
8	8831
8	8841
8	8842
8	8843
8	8845
8	8846
8	8847
8	8851
8	8853
8	8854
8	8855
8	8857
8	8858
8	8859
8	8861
8	8862
8	8863
8	8867
8	8869
8	8870
8	8871
8	8873
8	8874
8	8875
8	8877
8	8878
8	8879
8	8883
8	8885
8	8886
8	8887
8	8889
8	8890
8	8891
8	8893
8	8894
8	8895
8	8905
8	8906
8	8907
8	8909
8	8910
8	8911
8	8915
8	8917
8	8918
8	8919
8	8921
8	8922
8	8923
8	8925
8	8926
8	8927
8	8931
8	8933
8	8934
8	8935
8	8937
8	8938
8	8939
8	8941
8	8942
8	8943
8	8947
8	8949
8	8950
8	8951
8	8953
8	8954
8	8955
8	8957
8	8958
8	8959
4	8995
8	8997
8	8998
8	8999
8	9001
8	9002
8	9003
8	9005
8	9006
8	9007
8	9011
8	9013
8	9014
8	9015
8	9017
8	9018
8	9019
8	9021
8	9022
8	9023
8	9033
8	9034
8	9035
8	9037
8	9038
8	9039
8	9043
8	9045
8	9046
8	9047
8	9049
8	9050
8	9051
8	9053
8	9054
8	9055
8	9059
8	9061
8	9062
8	9063
8	9065
8	9066
8	9067
8	9069
8	9070
8	9071
8	9075
8	9077
8	9078
8	9079
8	9081
8	9082
8	9083
8	9085
8	9086
8	9087
8	9097
8	9098
8	9099
8	9101
8	9102
8	9103
8	9107
8	9109
8	9110
8	9111
8	9113
8	9114
8	9115
8	9117
8	9118
8	9119
8	9123
8	9125
8	9126
8	9127
8	9129
8	9130
8	9131
8	9133
8	9134
8	9135
8	9139
8	9141
8	9142
8	9143
8	9145
8	9146
8	9147
8	9149
8	9150
8	9151
8	9161
8	9162
8	9163
8	9165
8	9166
8	9167
8	9171
8	9173
8	9174
8	9175
8	9177
8	9178
8	9179
8	9181
8	9182
8	9183
8	9187
8	9189
8	9190
8	9191
8	9193
8	9194
8	9195
8	9197
8	9198
8	9199
8	9203
8	9205
8	9206
8	9207
8	9209
8	9210
8	9211
8	9213
8	9214
8	9215
8	9363
8	9365
8	9366
8	9367
8	9369
8	9370
8	9371
8	9373
8	9374
8	9375
8	9379
8	9381
8	9382
8	9383
8	9385
8	9386
8	9387
8	9389
8	9390
8	9391
8	9395
8	9397
8	9398
8	9399
8	9401
8	9402
8	9403
8	9405
8	9406
8	9407
8	9418
8	9419
8	9421
8	9422
8	9423
8	9427
8	9429
8	9430
8	9431
8	9433
8	9434
8	9435
8	9437
8	9438
8	9439
8	9443
8	9445
8	9446
8	9447
8	9449
8	9450
8	9451
8	9453
8	9454
8	9455
8	9459
8	9461
8	9462
8	9463
8	9465
8	9466
8	9467
8	9469
8	9470
8	9471
4	9509
8	9510
8	9511
8	9513
8	9514
8	9515
8	9517
8	9518
8	9519
8	9523
8	9525
8	9526
8	9527
8	9529
8	9530
8	9531
8	9533
8	9534
8	9535
8	9546
8	9547
8	9549
8	9550
8	9551
8	9555
8	9557
8	9558
8	9559
8	9561
8	9562
8	9563
8	9565
8	9566
8	9567
8	9571
8	9573
8	9574
8	9575
8	9577
8	9578
8	9579
8	9581
8	9582
8	9583
8	9587
8	9589
8	9590
8	9591
8	9593
8	9594
8	9595
8	9597
8	9598
8	9599
8	9610
8	9611
8	9613
8	9614
8	9615
8	9619
8	9621
8	9622
8	9623
8	9625
8	9626
8	9627
8	9629
8	9630
8	9631
8	9635
8	9637
8	9638
8	9639
8	9641
8	9642
8	9643
8	9645
8	9646
8	9647
8	9651
8	9653
8	9654
8	9655
8	9657
8	9658
8	9659
8	9661
8	9662
8	9663
8	9674
8	9675
8	9677
8	9678
8	9679
8	9683
8	9685
8	9686
8	9687
8	9689
8	9690
8	9691
8	9693
8	9694
8	9695
8	9699
8	9701
8	9702
8	9703
8	9705
8	9706
8	9707
8	9709
8	9710
8	9711
8	9715
8	9717
8	9718
8	9719
8	9721
8	9722
8	9723
8	9725
8	9726
8	9727
4	9766
8	9767
8	9769
8	9770
8	9771
8	9773
8	9774
8	9775
8	9779
8	9781
8	9782
8	9783
8	9785
8	9786
8	9787
8	9789
8	9790
8	9791
8	9802
8	9803
8	9805
8	9806
8	9807
8	9811
8	9813
8	9814
8	9815
8	9817
8	9818
8	9819
8	9821
8	9822
8	9823
8	9827
8	9829
8	9830
8	9831
8	9833
8	9834
8	9835
8	9837
8	9838
8	9839
8	9843
8	9845
8	9846
8	9847
8	9849
8	9850
8	9851
8	9853
8	9854
8	9855
8	9866
8	9867
8	9869
8	9870
8	9871
8	9875
8	9877
8	9878
8	9879
8	9881
8	9882
8	9883
8	9885
8	9886
8	9887
8	9891
8	9893
8	9894
8	9895
8	9897
8	9898
8	9899
8	9901
8	9902
8	9903
8	9907
8	9909
8	9910
8	9911
8	9913
8	9914
8	9915
8	9917
8	9918
8	9919
8	9930
8	9931
8	9933
8	9934
8	9935
8	9939
8	9941
8	9942
8	9943
8	9945
8	9946
8	9947
8	9949
8	9950
8	9951
8	9955
8	9957
8	9958
8	9959
8	9961
8	9962
8	9963
8	9965
8	9966
8	9967
8	9971
8	9973
8	9974
8	9975
8	9977
8	9978
8	9979
8	9981
8	9982
8	9983
4	10023
8	10025
8	10026
8	10027
8	10029
8	10030
8	10031
8	10035
8	10037
8	10038
8	10039
8	10041
8	10042
8	10043
8	10045
8	10046
8	10047
8	10058
8	10059
8	10061
8	10062
8	10063
8	10067
8	10069
8	10070
8	10071
8	10073
8	10074
8	10075
8	10077
8	10078
8	10079
8	10083
8	10085
8	10086
8	10087
8	10089
8	10090
8	10091
8	10093
8	10094
8	10095
8	10099
8	10101
8	10102
8	10103
8	10105
8	10106
8	10107
8	10109
8	10110
8	10111
8	10122
8	10123
8	10125
8	10126
8	10127
8	10131
8	10133
8	10134
8	10135
8	10137
8	10138
8	10139
8	10141
8	10142
8	10143
8	10147
8	10149
8	10150
8	10151
8	10153
8	10154
8	10155
8	10157
8	10158
8	10159
8	10163
8	10165
8	10166
8	10167
8	10169
8	10170
8	10171
8	10173
8	10174
8	10175
8	10186
8	10187
8	10189
8	10190
8	10191
8	10195
8	10197
8	10198
8	10199
8	10201
8	10202
8	10203
8	10205
8	10206
8	10207
8	10211
8	10213
8	10214
8	10215
8	10217
8	10218
8	10219
8	10221
8	10222
8	10223
8	10227
8	10229
8	10230
8	10231
8	10233
8	10234
8	10235
8	10237
8	10238
8	10239
8	10403
8	10405
8	10406
8	10407
8	10409
8	10410
8	10411
8	10413
8	10414
8	10415
8	10419
8	10421
8	10422
8	10423
8	10425
8	10426
8	10427
8	10429
8	10430
8	10431
8	10443
8	10445
8	10446
8	10447
8	10451
8	10453
8	10454
8	10455
8	10457
8	10458
8	10459
8	10461
8	10462
8	10463
8	10467
8	10469
8	10470
8	10471
8	10473
8	10474
8	10475
8	10477
8	10478
8	10479
8	10483
8	10485
8	10486
8	10487
8	10489
8	10490
8	10491
8	10493
8	10494
8	10495
4	10537
8	10538
8	10539
8	10541
8	10542
8	10543
8	10547
8	10549
8	10550
8	10551
8	10553
8	10554
8	10555
8	10557
8	10558
8	10559
8	10571
8	10573
8	10574
8	10575
8	10579
8	10581
8	10582
8	10583
8	10585
8	10586
8	10587
8	10589
8	10590
8	10591
8	10595
8	10597
8	10598
8	10599
8	10601
8	10602
8	10603
8	10605
8	10606
8	10607
8	10611
8	10613
8	10614
8	10615
8	10617
8	10618
8	10619
8	10621
8	10622
8	10623
8	10635
8	10637
8	10638
8	10639
8	10643
8	10645
8	10646
8	10647
8	10649
8	10650
8	10651
8	10653
8	10654
8	10655
8	10659
8	10661
8	10662
8	10663
8	10665
8	10666
8	10667
8	10669
8	10670
8	10671
8	10675
8	10677
8	10678
8	10679
8	10681
8	10682
8	10683
8	10685
8	10686
8	10687
8	10699
8	10701
8	10702
8	10703
8	10707
8	10709
8	10710
8	10711
8	10713
8	10714
8	10715
8	10717
8	10718
8	10719
8	10723
8	10725
8	10726
8	10727
8	10729
8	10730
8	10731
8	10733
8	10734
8	10735
8	10739
8	10741
8	10742
8	10743
8	10745
8	10746
8	10747
8	10749
8	10750
8	10751
4	10794
8	10795
8	10797
8	10798
8	10799
8	10803
8	10805
8	10806
8	10807
8	10809
8	10810
8	10811
8	10813
8	10814
8	10815
8	10827
8	10829
8	10830
8	10831
8	10835
8	10837
8	10838
8	10839
8	10841
8	10842
8	10843
8	10845
8	10846
8	10847
8	10851
8	10853
8	10854
8	10855
8	10857
8	10858
8	10859
8	10861
8	10862
8	10863
8	10867
8	10869
8	10870
8	10871
8	10873
8	10874
8	10875
8	10877
8	10878
8	10879
8	10891
8	10893
8	10894
8	10895
8	10899
8	10901
8	10902
8	10903
8	10905
8	10906
8	10907
8	10909
8	10910
8	10911
8	10915
8	10917
8	10918
8	10919
8	10921
8	10922
8	10923
8	10925
8	10926
8	10927
8	10931
8	10933
8	10934
8	10935
8	10937
8	10938
8	10939
8	10941
8	10942
8	10943
8	10955
8	10957
8	10958
8	10959
8	10963
8	10965
8	10966
8	10967
8	10969
8	10970
8	10971
8	10973
8	10974
8	10975
8	10979
8	10981
8	10982
8	10983
8	10985
8	10986
8	10987
8	10989
8	10990
8	10991
8	10995
8	10997
8	10998
8	10999
8	11001
8	11002
8	11003
8	11005
8	11006
8	11007
4	11051
8	11053
8	11054
8	11055
8	11059
8	11061
8	11062
8	11063
8	11065
8	11066
8	11067
8	11069
8	11070
8	11071
8	11083
8	11085
8	11086
8	11087
8	11091
8	11093
8	11094
8	11095
8	11097
8	11098
8	11099
8	11101
8	11102
8	11103
8	11107
8	11109
8	11110
8	11111
8	11113
8	11114
8	11115
8	11117
8	11118
8	11119
8	11123
8	11125
8	11126
8	11127
8	11129
8	11130
8	11131
8	11133
8	11134
8	11135
8	11147
8	11149
8	11150
8	11151
8	11155
8	11157
8	11158
8	11159
8	11161
8	11162
8	11163
8	11165
8	11166
8	11167
8	11171
8	11173
8	11174
8	11175
8	11177
8	11178
8	11179
8	11181
8	11182
8	11183
8	11187
8	11189
8	11190
8	11191
8	11193
8	11194
8	11195
8	11197
8	11198
8	11199
8	11211
8	11213
8	11214
8	11215
8	11219
8	11221
8	11222
8	11223
8	11225
8	11226
8	11227
8	11229
8	11230
8	11231
8	11235
8	11237
8	11238
8	11239
8	11241
8	11242
8	11243
8	11245
8	11246
8	11247
8	11251
8	11253
8	11254
8	11255
8	11257
8	11258
8	11259
8	11261
8	11262
8	11263
8	11443
8	11445
8	11446
8	11447
8	11449
8	11450
8	11451
8	11453
8	11454
8	11455
8	11469
8	11470
8	11471
8	11475
8	11477
8	11478
8	11479
8	11481
8	11482
8	11483
8	11485
8	11486
8	11487
8	11491
8	11493
8	11494
8	11495
8	11497
8	11498
8	11499
8	11501
8	11502
8	11503
8	11507
8	11509
8	11510
8	11511
8	11513
8	11514
8	11515
8	11517
8	11518
8	11519
4	11565
8	11566
8	11567
8	11571
8	11573
8	11574
8	11575
8	11577
8	11578
8	11579
8	11581
8	11582
8	11583
8	11597
8	11598
8	11599
8	11603
8	11605
8	11606
8	11607
8	11609
8	11610
8	11611
8	11613
8	11614
8	11615
8	11619
8	11621
8	11622
8	11623
8	11625
8	11626
8	11627
8	11629
8	11630
8	11631
8	11635
8	11637
8	11638
8	11639
8	11641
8	11642
8	11643
8	11645
8	11646
8	11647
8	11661
8	11662
8	11663
8	11667
8	11669
8	11670
8	11671
8	11673
8	11674
8	11675
8	11677
8	11678
8	11679
8	11683
8	11685
8	11686
8	11687
8	11689
8	11690
8	11691
8	11693
8	11694
8	11695
8	11699
8	11701
8	11702
8	11703
8	11705
8	11706
8	11707
8	11709
8	11710
8	11711
8	11725
8	11726
8	11727
8	11731
8	11733
8	11734
8	11735
8	11737
8	11738
8	11739
8	11741
8	11742
8	11743
8	11747
8	11749
8	11750
8	11751
8	11753
8	11754
8	11755
8	11757
8	11758
8	11759
8	11763
8	11765
8	11766
8	11767
8	11769
8	11770
8	11771
8	11773
8	11774
8	11775
4	11822
8	11823
8	11827
8	11829
8	11830
8	11831
8	11833
8	11834
8	11835
8	11837
8	11838
8	11839
8	11853
8	11854
8	11855
8	11859
8	11861
8	11862
8	11863
8	11865
8	11866
8	11867
8	11869
8	11870
8	11871
8	11875
8	11877
8	11878
8	11879
8	11881
8	11882
8	11883
8	11885
8	11886
8	11887
8	11891
8	11893
8	11894
8	11895
8	11897
8	11898
8	11899
8	11901
8	11902
8	11903
8	11917
8	11918
8	11919
8	11923
8	11925
8	11926
8	11927
8	11929
8	11930
8	11931
8	11933
8	11934
8	11935
8	11939
8	11941
8	11942
8	11943
8	11945
8	11946
8	11947
8	11949
8	11950
8	11951
8	11955
8	11957
8	11958
8	11959
8	11961
8	11962
8	11963
8	11965
8	11966
8	11967
8	11981
8	11982
8	11983
8	11987
8	11989
8	11990
8	11991
8	11993
8	11994
8	11995
8	11997
8	11998
8	11999
8	12003
8	12005
8	12006
8	12007
8	12009
8	12010
8	12011
8	12013
8	12014
8	12015
8	12019
8	12021
8	12022
8	12023
8	12025
8	12026
8	12027
8	12029
8	12030
8	12031
4	12079
8	12083
8	12085
8	12086
8	12087
8	12089
8	12090
8	12091
8	12093
8	12094
8	12095
8	12109
8	12110
8	12111
8	12115
8	12117
8	12118
8	12119
8	12121
8	12122
8	12123
8	12125
8	12126
8	12127
8	12131
8	12133
8	12134
8	12135
8	12137
8	12138
8	12139
8	12141
8	12142
8	12143
8	12147
8	12149
8	12150
8	12151
8	12153
8	12154
8	12155
8	12157
8	12158
8	12159
8	12173
8	12174
8	12175
8	12179
8	12181
8	12182
8	12183
8	12185
8	12186
8	12187
8	12189
8	12190
8	12191
8	12195
8	12197
8	12198
8	12199
8	12201
8	12202
8	12203
8	12205
8	12206
8	12207
8	12211
8	12213
8	12214
8	12215
8	12217
8	12218
8	12219
8	12221
8	12222
8	12223
8	12237
8	12238
8	12239
8	12243
8	12245
8	12246
8	12247
8	12249
8	12250
8	12251
8	12253
8	12254
8	12255
8	12259
8	12261
8	12262
8	12263
8	12265
8	12266
8	12267
8	12269
8	12270
8	12271
8	12275
8	12277
8	12278
8	12279
8	12281
8	12282
8	12283
8	12285
8	12286
8	12287
2	13107
8	13109
8	13110
8	13111
8	13113
8	13114
8	13115
8	13117
8	13118
8	13119
8	13133
8	13134
8	13135
8	13141
8	13142
8	13143
8	13145
8	13146
8	13147
8	13149
8	13150
8	13151
8	13157
8	13158
8	13159
8	13161
8	13162
8	13163
8	13165
8	13166
8	13167
8	13173
8	13174
8	13175
8	13177
8	13178
8	13179
8	13181
8	13182
8	13183
8	13197
8	13198
8	13199
8	13205
8	13206
8	13207
8	13209
8	13210
8	13211
8	13213
8	13214
8	13215
8	13221
8	13222
8	13223
8	13225
8	13226
8	13227
8	13229
8	13230
8	13231
8	13237
8	13238
8	13239
8	13241
8	13242
8	13243
8	13245
8	13246
8	13247
8	13261
8	13262
8	13263
8	13269
8	13270
8	13271
8	13273
8	13274
8	13275
8	13277
8	13278
8	13279
8	13285
8	13286
8	13287
8	13289
8	13290
8	13291
8	13293
8	13294
8	13295
8	13301
8	13302
8	13303
8	13305
8	13306
8	13307
8	13309
8	13310
8	13311
8	13525
8	13526
8	13527
8	13529
8	13530
8	13531
8	13533
8	13534
8	13535
8	13541
8	13542
8	13543
8	13545
8	13546
8	13547
8	13549
8	13550
8	13551
8	13557
8	13558
8	13559
8	13561
8	13562
8	13563
8	13565
8	13566
8	13567
4	13621
8	13622
8	13623
8	13625
8	13626
8	13627
8	13629
8	13630
8	13631
8	13646
8	13647
8	13653
8	13654
8	13655
8	13657
8	13658
8	13659
8	13661
8	13662
8	13663
8	13669
8	13670
8	13671
8	13673
8	13674
8	13675
8	13677
8	13678
8	13679
8	13685
8	13686
8	13687
8	13689
8	13690
8	13691
8	13693
8	13694
8	13695
8	13710
8	13711
8	13717
8	13718
8	13719
8	13721
8	13722
8	13723
8	13725
8	13726
8	13727
8	13733
8	13734
8	13735
8	13737
8	13738
8	13739
8	13741
8	13742
8	13743
8	13749
8	13750
8	13751
8	13753
8	13754
8	13755
8	13757
8	13758
8	13759
8	13774
8	13775
8	13781
8	13782
8	13783
8	13785
8	13786
8	13787
8	13789
8	13790
8	13791
8	13797
8	13798
8	13799
8	13801
8	13802
8	13803
8	13805
8	13806
8	13807
8	13813
8	13814
8	13815
8	13817
8	13818
8	13819
8	13821
8	13822
8	13823
4	13878
8	13879
8	13881
8	13882
8	13883
8	13885
8	13886
8	13887
8	13902
8	13903
8	13909
8	13910
8	13911
8	13913
8	13914
8	13915
8	13917
8	13918
8	13919
8	13925
8	13926
8	13927
8	13929
8	13930
8	13931
8	13933
8	13934
8	13935
8	13941
8	13942
8	13943
8	13945
8	13946
8	13947
8	13949
8	13950
8	13951
8	13966
8	13967
8	13973
8	13974
8	13975
8	13977
8	13978
8	13979
8	13981
8	13982
8	13983
8	13989
8	13990
8	13991
8	13993
8	13994
8	13995
8	13997
8	13998
8	13999
8	14005
8	14006
8	14007
8	14009
8	14010
8	14011
8	14013
8	14014
8	14015
8	14030
8	14031
8	14037
8	14038
8	14039
8	14041
8	14042
8	14043
8	14045
8	14046
8	14047
8	14053
8	14054
8	14055
8	14057
8	14058
8	14059
8	14061
8	14062
8	14063
8	14069
8	14070
8	14071
8	14073
8	14074
8	14075
8	14077
8	14078
8	14079
4	14135
8	14137
8	14138
8	14139
8	14141
8	14142
8	14143
8	14158
8	14159
8	14165
8	14166
8	14167
8	14169
8	14170
8	14171
8	14173
8	14174
8	14175
8	14181
8	14182
8	14183
8	14185
8	14186
8	14187
8	14189
8	14190
8	14191
8	14197
8	14198
8	14199
8	14201
8	14202
8	14203
8	14205
8	14206
8	14207
8	14222
8	14223
8	14229
8	14230
8	14231
8	14233
8	14234
8	14235
8	14237
8	14238
8	14239
8	14245
8	14246
8	14247
8	14249
8	14250
8	14251
8	14253
8	14254
8	14255
8	14261
8	14262
8	14263
8	14265
8	14266
8	14267
8	14269
8	14270
8	14271
8	14286
8	14287
8	14293
8	14294
8	14295
8	14297
8	14298
8	14299
8	14301
8	14302
8	14303
8	14309
8	14310
8	14311
8	14313
8	14314
8	14315
8	14317
8	14318
8	14319
8	14325
8	14326
8	14327
8	14329
8	14330
8	14331
8	14333
8	14334
8	14335
8	14565
8	14566
8	14567
8	14569
8	14570
8	14571
8	14573
8	14574
8	14575
8	14581
8	14582
8	14583
8	14585
8	14586
8	14587
8	14589
8	14590
8	14591
4	14649
8	14650
8	14651
8	14653
8	14654
8	14655
8	14671
8	14677
8	14678
8	14679
8	14681
8	14682
8	14683
8	14685
8	14686
8	14687
8	14693
8	14694
8	14695
8	14697
8	14698
8	14699
8	14701
8	14702
8	14703
8	14709
8	14710
8	14711
8	14713
8	14714
8	14715
8	14717
8	14718
8	14719
8	14735
8	14741
8	14742
8	14743
8	14745
8	14746
8	14747
8	14749
8	14750
8	14751
8	14757
8	14758
8	14759
8	14761
8	14762
8	14763
8	14765
8	14766
8	14767
8	14773
8	14774
8	14775
8	14777
8	14778
8	14779
8	14781
8	14782
8	14783
8	14799
8	14805
8	14806
8	14807
8	14809
8	14810
8	14811
8	14813
8	14814
8	14815
8	14821
8	14822
8	14823
8	14825
8	14826
8	14827
8	14829
8	14830
8	14831
8	14837
8	14838
8	14839
8	14841
8	14842
8	14843
8	14845
8	14846
8	14847
4	14906
8	14907
8	14909
8	14910
8	14911
8	14927
8	14933
8	14934
8	14935
8	14937
8	14938
8	14939
8	14941
8	14942
8	14943
8	14949
8	14950
8	14951
8	14953
8	14954
8	14955
8	14957
8	14958
8	14959
8	14965
8	14966
8	14967
8	14969
8	14970
8	14971
8	14973
8	14974
8	14975
8	14991
8	14997
8	14998
8	14999
8	15001
8	15002
8	15003
8	15005
8	15006
8	15007
8	15013
8	15014
8	15015
8	15017
8	15018
8	15019
8	15021
8	15022
8	15023
8	15029
8	15030
8	15031
8	15033
8	15034
8	15035
8	15037
8	15038
8	15039
8	15055
8	15061
8	15062
8	15063
8	15065
8	15066
8	15067
8	15069
8	15070
8	15071
8	15077
8	15078
8	15079
8	15081
8	15082
8	15083
8	15085
8	15086
8	15087
8	15093
8	15094
8	15095
8	15097
8	15098
8	15099
8	15101
8	15102
8	15103
4	15163
8	15165
8	15166
8	15167
8	15183
8	15189
8	15190
8	15191
8	15193
8	15194
8	15195
8	15197
8	15198
8	15199
8	15205
8	15206
8	15207
8	15209
8	15210
8	15211
8	15213
8	15214
8	15215
8	15221
8	15222
8	15223
8	15225
8	15226
8	15227
8	15229
8	15230
8	15231
8	15247
8	15253
8	15254
8	15255
8	15257
8	15258
8	15259
8	15261
8	15262
8	15263
8	15269
8	15270
8	15271
8	15273
8	15274
8	15275
8	15277
8	15278
8	15279
8	15285
8	15286
8	15287
8	15289
8	15290
8	15291
8	15293
8	15294
8	15295
8	15311
8	15317
8	15318
8	15319
8	15321
8	15322
8	15323
8	15325
8	15326
8	15327
8	15333
8	15334
8	15335
8	15337
8	15338
8	15339
8	15341
8	15342
8	15343
8	15349
8	15350
8	15351
8	15353
8	15354
8	15355
8	15357
8	15358
8	15359
8	15605
8	15606
8	15607
8	15609
8	15610
8	15611
8	15613
8	15614
8	15615
4	15677
8	15678
8	15679
8	15701
8	15702
8	15703
8	15705
8	15706
8	15707
8	15709
8	15710
8	15711
8	15717
8	15718
8	15719
8	15721
8	15722
8	15723
8	15725
8	15726
8	15727
8	15733
8	15734
8	15735
8	15737
8	15738
8	15739
8	15741
8	15742
8	15743
8	15765
8	15766
8	15767
8	15769
8	15770
8	15771
8	15773
8	15774
8	15775
8	15781
8	15782
8	15783
8	15785
8	15786
8	15787
8	15789
8	15790
8	15791
8	15797
8	15798
8	15799
8	15801
8	15802
8	15803
8	15805
8	15806
8	15807
8	15829
8	15830
8	15831
8	15833
8	15834
8	15835
8	15837
8	15838
8	15839
8	15845
8	15846
8	15847
8	15849
8	15850
8	15851
8	15853
8	15854
8	15855
8	15861
8	15862
8	15863
8	15865
8	15866
8	15867
8	15869
8	15870
8	15871
4	15934
8	15935
8	15957
8	15958
8	15959
8	15961
8	15962
8	15963
8	15965
8	15966
8	15967
8	15973
8	15974
8	15975
8	15977
8	15978
8	15979
8	15981
8	15982
8	15983
8	15989
8	15990
8	15991
8	15993
8	15994
8	15995
8	15997
8	15998
8	15999
8	16021
8	16022
8	16023
8	16025
8	16026
8	16027
8	16029
8	16030
8	16031
8	16037
8	16038
8	16039
8	16041
8	16042
8	16043
8	16045
8	16046
8	16047
8	16053
8	16054
8	16055
8	16057
8	16058
8	16059
8	16061
8	16062
8	16063
8	16085
8	16086
8	16087
8	16089
8	16090
8	16091
8	16093
8	16094
8	16095
8	16101
8	16102
8	16103
8	16105
8	16106
8	16107
8	16109
8	16110
8	16111
8	16117
8	16118
8	16119
8	16121
8	16122
8	16123
8	16125
8	16126
8	16127
4	16191
8	16213
8	16214
8	16215
8	16217
8	16218
8	16219
8	16221
8	16222
8	16223
8	16229
8	16230
8	16231
8	16233
8	16234
8	16235
8	16237
8	16238
8	16239
8	16245
8	16246
8	16247
8	16249
8	16250
8	16251
8	16253
8	16254
8	16255
8	16277
8	16278
8	16279
8	16281
8	16282
8	16283
8	16285
8	16286
8	16287
8	16293
8	16294
8	16295
8	16297
8	16298
8	16299
8	16301
8	16302
8	16303
8	16309
8	16310
8	16311
8	16313
8	16314
8	16315
8	16317
8	16318
8	16319
8	16341
8	16342
8	16343
8	16345
8	16346
8	16347
8	16349
8	16350
8	16351
8	16357
8	16358
8	16359
8	16361
8	16362
8	16363
8	16365
8	16366
8	16367
8	16373
8	16374
8	16375
8	16377
8	16378
8	16379
8	16381
8	16382
8	16383
1	21845
8	21846
8	21847
8	21850
8	21851
8	21854
8	21855
8	21862
8	21863
8	21866
8	21867
8	21870
8	21871
8	21878
8	21879
8	21882
8	21883
8	21886
8	21887
8	21910
8	21911
8	21914
8	21915
8	21918
8	21919
8	21926
8	21927
8	21930
8	21931
8	21934
8	21935
8	21942
8	21943
8	21946
8	21947
8	21950
8	21951
8	21974
8	21975
8	21978
8	21979
8	21982
8	21983
8	21990
8	21991
8	21994
8	21995
8	21998
8	21999
8	22006
8	22007
8	22010
8	22011
8	22014
8	22015
4	22102
8	22103
8	22106
8	22107
8	22110
8	22111
8	22118
8	22119
8	22122
8	22123
8	22126
8	22127
8	22134
8	22135
8	22138
8	22139
8	22142
8	22143
8	22166
8	22167
8	22170
8	22171
8	22174
8	22175
8	22182
8	22183
8	22186
8	22187
8	22190
8	22191
8	22198
8	22199
8	22202
8	22203
8	22206
8	22207
8	22230
8	22231
8	22234
8	22235
8	22238
8	22239
8	22246
8	22247
8	22250
8	22251
8	22254
8	22255
8	22262
8	22263
8	22266
8	22267
8	22270
8	22271
4	22359
8	22362
8	22363
8	22366
8	22367
8	22374
8	22375
8	22378
8	22379
8	22382
8	22383
8	22390
8	22391
8	22394
8	22395
8	22398
8	22399
8	22422
8	22423
8	22426
8	22427
8	22430
8	22431
8	22438
8	22439
8	22442
8	22443
8	22446
8	22447
8	22454
8	22455
8	22458
8	22459
8	22462
8	22463
8	22486
8	22487
8	22490
8	22491
8	22494
8	22495
8	22502
8	22503
8	22506
8	22507
8	22510
8	22511
8	22518
8	22519
8	22522
8	22523
8	22526
8	22527
8	22886
8	22887
8	22890
8	22891
8	22894
8	22895
8	22902
8	22903
8	22906
8	22907
8	22910
8	22911
8	22935
8	22938
8	22939
8	22942
8	22943
8	22950
8	22951
8	22954
8	22955
8	22958
8	22959
8	22966
8	22967
8	22970
8	22971
8	22974
8	22975
8	22999
8	23002
8	23003
8	23006
8	23007
8	23014
8	23015
8	23018
8	23019
8	23022
8	23023
8	23030
8	23031
8	23034
8	23035
8	23038
8	23039
4	23130
8	23131
8	23134
8	23135
8	23142
8	23143
8	23146
8	23147
8	23150
8	23151
8	23158
8	23159
8	23162
8	23163
8	23166
8	23167
8	23191
8	23194
8	23195
8	23198
8	23199
8	23206
8	23207
8	23210
8	23211
8	23214
8	23215
8	23222
8	23223
8	23226
8	23227
8	23230
8	23231
8	23255
8	23258
8	23259
8	23262
8	23263
8	23270
8	23271
8	23274
8	23275
8	23278
8	23279
8	23286
8	23287
8	23290
8	23291
8	23294
8	23295
4	23387
8	23390
8	23391
8	23398
8	23399
8	23402
8	23403
8	23406
8	23407
8	23414
8	23415
8	23418
8	23419
8	23422
8	23423
8	23447
8	23450
8	23451
8	23454
8	23455
8	23462
8	23463
8	23466
8	23467
8	23470
8	23471
8	23478
8	23479
8	23482
8	23483
8	23486
8	23487
8	23511
8	23514
8	23515
8	23518
8	23519
8	23526
8	23527
8	23530
8	23531
8	23534
8	23535
8	23542
8	23543
8	23546
8	23547
8	23550
8	23551
8	23926
8	23927
8	23930
8	23931
8	23934
8	23935
8	23962
8	23963
8	23966
8	23967
8	23974
8	23975
8	23978
8	23979
8	23982
8	23983
8	23990
8	23991
8	23994
8	23995
8	23998
8	23999
8	24026
8	24027
8	24030
8	24031
8	24038
8	24039
8	24042
8	24043
8	24046
8	24047
8	24054
8	24055
8	24058
8	24059
8	24062
8	24063
4	24158
8	24159
8	24166
8	24167
8	24170
8	24171
8	24174
8	24175
8	24182
8	24183
8	24186
8	24187
8	24190
8	24191
8	24218
8	24219
8	24222
8	24223
8	24230
8	24231
8	24234
8	24235
8	24238
8	24239
8	24246
8	24247
8	24250
8	24251
8	24254
8	24255
8	24282
8	24283
8	24286
8	24287
8	24294
8	24295
8	24298
8	24299
8	24302
8	24303
8	24310
8	24311
8	24314
8	24315
8	24318
8	24319
4	24415
8	24422
8	24423
8	24426
8	24427
8	24430
8	24431
8	24438
8	24439
8	24442
8	24443
8	24446
8	24447
8	24474
8	24475
8	24478
8	24479
8	24486
8	24487
8	24490
8	24491
8	24494
8	24495
8	24502
8	24503
8	24506
8	24507
8	24510
8	24511
8	24538
8	24539
8	24542
8	24543
8	24550
8	24551
8	24554
8	24555
8	24558
8	24559
8	24566
8	24567
8	24570
8	24571
8	24574
8	24575
2	26214
8	26215
8	26218
8	26219
8	26222
8	26223
8	26231
8	26234
8	26235
8	26238
8	26239
8	26266
8	26267
8	26270
8	26271
8	26279
8	26282
8	26283
8	26286
8	26287
8	26295
8	26298
8	26299
8	26302
8	26303
8	26330
8	26331
8	26334
8	26335
8	26343
8	26346
8	26347
8	26350
8	26351
8	26359
8	26362
8	26363
8	26366
8	26367
4	26471
8	26474
8	26475
8	26478
8	26479
8	26487
8	26490
8	26491
8	26494
8	26495
8	26522
8	26523
8	26526
8	26527
8	26535
8	26538
8	26539
8	26542
8	26543
8	26551
8	26554
8	26555
8	26558
8	26559
8	26586
8	26587
8	26590
8	26591
8	26599
8	26602
8	26603
8	26606
8	26607
8	26615
8	26618
8	26619
8	26622
8	26623
8	27047
8	27050
8	27051
8	27054
8	27055
8	27063
8	27066
8	27067
8	27070
8	27071
8	27099
8	27102
8	27103
8	27111
8	27114
8	27115
8	27118
8	27119
8	27127
8	27130
8	27131
8	27134
8	27135
4	27242
8	27243
8	27246
8	27247
8	27255
8	27258
8	27259
8	27262
8	27263
8	27291
8	27294
8	27295
8	27303
8	27306
8	27307
8	27310
8	27311
8	27319
8	27322
8	27323
8	27326
8	27327
8	27355
8	27358
8	27359
8	27367
8	27370
8	27371
8	27374
8	27375
8	27383
8	27386
8	27387
8	27390
8	27391
4	27499
8	27502
8	27503
8	27511
8	27514
8	27515
8	27518
8	27519
8	27547
8	27550
8	27551
8	27559
8	27562
8	27563
8	27566
8	27567
8	27575
8	27578
8	27579
8	27582
8	27583
8	27611
8	27614
8	27615
8	27623
8	27626
8	27627
8	27630
8	27631
8	27639
8	27642
8	27643
8	27646
8	27647
8	28087
8	28090
8	28091
8	28094
8	28095
8	28126
8	28127
8	28135
8	28138
8	28139
8	28142
8	28143
8	28151
8	28154
8	28155
8	28158
8	28159
4	28270
8	28271
8	28279
8	28282
8	28283
8	28286
8	28287
8	28318
8	28319
8	28327
8	28330
8	28331
8	28334
8	28335
8	28343
8	28346
8	28347
8	28350
8	28351
8	28382
8	28383
8	28391
8	28394
8	28395
8	28398
8	28399
8	28407
8	28410
8	28411
8	28414
8	28415
4	28527
8	28535
8	28538
8	28539
8	28542
8	28543
8	28574
8	28575
8	28583
8	28586
8	28587
8	28590
8	28591
8	28599
8	28602
8	28603
8	28606
8	28607
8	28638
8	28639
8	28647
8	28650
8	28651
8	28654
8	28655
8	28663
8	28666
8	28667
8	28670
8	28671
2	30583
8	30586
8	30587
8	30590
8	30591
8	30622
8	30623
8	30634
8	30635
8	30638
8	30639
8	30650
8	30651
8	30654
8	30655
8	30686
8	30687
8	30698
8	30699
8	30702
8	30703
8	30714
8	30715
8	30718
8	30719
8	31210
8	31211
8	31214
8	31215
8	31226
8	31227
8	31230
8	31231
4	31354
8	31355
8	31358
8	31359
8	31391
8	31402
8	31403
8	31406
8	31407
8	31418
8	31419
8	31422
8	31423
8	31455
8	31466
8	31467
8	31470
8	31471
8	31482
8	31483
8	31486
8	31487
4	31611
8	31614
8	31615
8	31647
8	31658
8	31659
8	31662
8	31663
8	31674
8	31675
8	31678
8	31679
8	31711
8	31722
8	31723
8	31726
8	31727
8	31738
8	31739
8	31742
8	31743
8	32250
8	32251
8	32254
8	32255
4	32382
8	32383
8	32426
8	32427
8	32430
8	32431
8	32442
8	32443
8	32446
8	32447
8	32490
8	32491
8	32494
8	32495
8	32506
8	32507
8	32510
8	32511
4	32639
8	32682
8	32683
8	32686
8	32687
8	32698
8	32699
8	32702
8	32703
8	32746
8	32747
8	32750
8	32751
8	32762
8	32763
8	32766
8	32767
1	43690
8	43691
8	43695
8	43707
8	43711
8	43755
8	43759
8	43771
8	43775
4	43947
8	43951
8	43963
8	43967
8	44011
8	44015
8	44027
8	44031
8	44731
8	44735
8	44783
8	44795
8	44799
4	44975
8	44987
8	44991
8	45039
8	45051
8	45055
2	48059
8	48063
8	48111
8	48127
8	48895
4	49087
8	49151
1	65535
